	ID	whole_task	module	simple_task	realtime_M	realtime_h	cpu	cpu_time	peak_rss_G	slurmID	raw_reads	raw_bases	clean_reads	clean_bases	effective_rate(%)	C(%)	lq_reads	host_reads	Group	cpu_hour
1	1240301004	NFCORE_METASSEMBLY:METASSEMBLY:BINNER:DASTOOL (1240301004)	BINNER	DASTOOL	4.06666666666667	0.0677777777777778	69.8	4.73088888888889	0.3767578125	106642	43621144	6.54	43598418	6.53	99.95	42.81	19462	3264	HG	0.135555555555556
2	1240401004	NFCORE_METASSEMBLY:METASSEMBLY:BINNER:DASTOOL (1240401004)	BINNER	DASTOOL	1.58333333333333	0.0263888888888889	104.2	2.74972222222222	0.353515625	106640	46141126	6.92	46051416	6.9	99.81	43.29	20786	68924	HG	0.0527777777777778
3	1240401005	NFCORE_METASSEMBLY:METASSEMBLY:BINNER:DASTOOL (1240401005)	BINNER	DASTOOL	3.08333333333333	0.0513888888888889	80	4.11111111111111	0.34111328125	106643	49046928	7.36	49014534	7.35	99.93	43.09	27554	4840	HG	0.102777777777778
4	1241601019	NFCORE_METASSEMBLY:METASSEMBLY:BINNER:DASTOOL (1241601019)	BINNER	DASTOOL	3.78333333333333	0.0630555555555556	70.5	4.44541666666667	0.36943359375	106641	42262416	6.34	42188074	6.32	99.82	44.46	14906	59436	HG	0.126111111111111
5	1241601021	NFCORE_METASSEMBLY:METASSEMBLY:BINNER:DASTOOL (1241601021)	BINNER	DASTOOL	3.93333333333333	0.0655555555555556	66.9	4.38566666666667	0.2923828125	106647	52261330	7.84	52236750	7.83	99.95	43.85	22162	2418	HG	0.131111111111111
6	1241601036	NFCORE_METASSEMBLY:METASSEMBLY:BINNER:DASTOOL (1241601036)	BINNER	DASTOOL	3.71666666666667	0.0619444444444444	71	4.39805555555556	0.37197265625	106645	62635094	9.4	62566490	9.37	99.89	42.65	35772	32832	HG	0.123888888888889
7	1241701022	NFCORE_METASSEMBLY:METASSEMBLY:BINNER:DASTOOL (1241701022)	BINNER	DASTOOL	7.63333333333333	0.127222222222222	44.5	5.66138888888889	0.379296875	106648	60439198	9.07	60367720	9.05	99.88	47.64	32144	39334	HG	0.254444444444444
8	1241701160	NFCORE_METASSEMBLY:METASSEMBLY:BINNER:DASTOOL (1241701160)	BINNER	DASTOOL	2.93333333333333	0.0488888888888889	79.7	3.89644444444444	0.367578125	106646	58187590	8.73	57060636	8.55	98.06	44.89	28184	1098770	HG	0.0977777777777778
9	1241701161	NFCORE_METASSEMBLY:METASSEMBLY:BINNER:DASTOOL (1241701161)	BINNER	DASTOOL	3.1	0.0516666666666667	76.6	3.95766666666667	0.36767578125	106644	51854222	7.78	51780252	7.76	99.86	44.77	26472	47498	HG	0.103333333333333
10	1241701162	NFCORE_METASSEMBLY:METASSEMBLY:BINNER:DASTOOL (1241701162)	BINNER	DASTOOL	5.18333333333333	0.0863888888888889	43.4	3.74927777777778	0.36689453125	106650	56633130	8.49	56531714	8.47	99.82	45.72	28142	73274	HG	0.172777777777778
11	1241701163	NFCORE_METASSEMBLY:METASSEMBLY:BINNER:DASTOOL (1241701163)	BINNER	DASTOOL	8	0.133333333333333	48.3	6.44	0.40322265625	106649	73579602	11.04	73486950	11.01	99.87	47.63	35094	57558	HG	0.266666666666667
12	1241701164	NFCORE_METASSEMBLY:METASSEMBLY:BINNER:DASTOOL (1241701164)	BINNER	DASTOOL	7.53333333333333	0.125555555555556	43.9	5.51188888888889	0.36357421875	106653	55385114	8.31	55354362	8.29	99.94	42.62	22482	8270	HG	0.251111111111111
13	1241701165	NFCORE_METASSEMBLY:METASSEMBLY:BINNER:DASTOOL (1241701165)	BINNER	DASTOOL	8.71666666666667	0.145277777777778	50.1	7.27841666666667	0.4173828125	106651	67287766	10.09	65539090	9.82	97.4	46.35	28452	1720224	HG	0.290555555555556
14	1241701167	NFCORE_METASSEMBLY:METASSEMBLY:BINNER:DASTOOL (1241701167)	BINNER	DASTOOL	7.2	0.12	44	5.28	0.38056640625	106652	53087786	7.96	52932964	7.93	99.71	44.16	21734	133088	HG	0.24
15	1241701169	NFCORE_METASSEMBLY:METASSEMBLY:BINNER:DASTOOL (1241701169)	BINNER	DASTOOL	3.66666666666667	0.0611111111111111	55.1	3.36722222222222	0.3498046875	106655	44462564	6.67	43913682	6.58	98.77	45.19	9770	539112	HG	0.122222222222222
16	1241701170	NFCORE_METASSEMBLY:METASSEMBLY:BINNER:DASTOOL (1241701170)	BINNER	DASTOOL	3.53333333333333	0.0588888888888889	50.1	2.95033333333333	0.360546875	106658	63809150	9.57	63395098	9.5	99.35	44.83	23116	390936	HG	0.117777777777778
17	1241701171	NFCORE_METASSEMBLY:METASSEMBLY:BINNER:DASTOOL (1241701171)	BINNER	DASTOOL	6.45	0.1075	37	3.9775	0.37333984375	106654	55091832	8.26	54881060	8.23	99.62	44.69	15740	195032	HG	0.215
18	1241701172	NFCORE_METASSEMBLY:METASSEMBLY:BINNER:DASTOOL (1241701172)	BINNER	DASTOOL	4.26666666666667	0.0711111111111111	45.2	3.21422222222222	0.36728515625	106659	48451912	7.27	48420380	7.26	99.93	43.57	26118	5414	HG	0.142222222222222
19	1241701175	NFCORE_METASSEMBLY:METASSEMBLY:BINNER:DASTOOL (1241701175)	BINNER	DASTOOL	7.25	0.120833333333333	36.4	4.39833333333333	0.37890625	106657	46510450	6.98	46148584	6.92	99.22	43.16	12654	349212	HG	0.241666666666667
20	1241701178	NFCORE_METASSEMBLY:METASSEMBLY:BINNER:DASTOOL (1241701178)	BINNER	DASTOOL	2.4	0.04	54.8	2.192	0.350390625	106660	49385610	7.41	49356708	7.4	99.94	44.07	18414	10488	HG	0.08
21	1251801001	NFCORE_METASSEMBLY:METASSEMBLY:BINNER:DASTOOL (1251801001)	BINNER	DASTOOL	7.5	0.125	44.3	5.5375	0.381640625	106656	73287852	10.99	73233964	10.98	99.93	44.96	36206	17682	HG	0.25
22	1251801002	NFCORE_METASSEMBLY:METASSEMBLY:BINNER:DASTOOL (1251801002)	BINNER	DASTOOL	3.81666666666667	0.0636111111111111	81	5.1525	0.3779296875	106666	115220754	17.28	114617882	17.18	99.48	43.84	58230	544642	HG	0.127222222222222
23	1251801003	NFCORE_METASSEMBLY:METASSEMBLY:BINNER:DASTOOL (1251801003)	BINNER	DASTOOL	3.61666666666667	0.0602777777777778	47.3	2.85113888888889	0.34013671875	106667	47345832	7.1	47305154	7.09	99.91	43.18	21562	19116	HG	0.120555555555556
24	1251801021	NFCORE_METASSEMBLY:METASSEMBLY:BINNER:DASTOOL (1251801021)	BINNER	DASTOOL	5.23333333333333	0.0872222222222222	71.5	6.23638888888889	0.4123046875	106663	89931344	13.49	89871442	13.47	99.93	45.51	53402	6500	HG	0.174444444444444
25	1251801022	NFCORE_METASSEMBLY:METASSEMBLY:BINNER:DASTOOL (1251801022)	BINNER	DASTOOL	4.8	0.08	36.1	2.888	0.3533203125	106661	40386366	6.06	40362086	6.05	99.94	43.6	15128	9152	HG	0.16
26	1251801023	NFCORE_METASSEMBLY:METASSEMBLY:BINNER:DASTOOL (1251801023)	BINNER	DASTOOL	5.68333333333333	0.0947222222222222	44	4.16777777777778	0.3705078125	106662	50009704	7.5	49914470	7.48	99.81	44.67	25452	69782	HG	0.189444444444444
27	1251801024	NFCORE_METASSEMBLY:METASSEMBLY:BINNER:DASTOOL (1251801024)	BINNER	DASTOOL	2.9	0.0483333333333333	78.5	3.79416666666667	0.37060546875	106665	36193138	5.43	36158614	5.42	99.9	46.09	18442	16082	HG	0.0966666666666667
28	1251801025	NFCORE_METASSEMBLY:METASSEMBLY:BINNER:DASTOOL (1251801025)	BINNER	DASTOOL	3.85	0.0641666666666667	74.3	4.76758333333333	0.3587890625	106664	52948888	7.94	52915172	7.93	99.94	45.12	28368	5348	HG	0.128333333333333
29	L4_102_000M1	NFCORE_METASSEMBLY:METASSEMBLY:BINNER:DASTOOL (L4_102_000M1)	BINNER	DASTOOL	12.2166666666667	0.203611111111111	49.7	10.1194722222222	0.48583984375	105724	79363968	11.8	78573212	11.72	99	47.74	790658	98	Lou_HG	0.407222222222222
30	L4_171_000M1	NFCORE_METASSEMBLY:METASSEMBLY:BINNER:DASTOOL (L4_171_000M1)	BINNER	DASTOOL	10.3833333333333	0.173055555555556	41.1	7.11258333333333	0.42734375	105723	80167552	11.94	79326746	11.86	98.95	47.32	840722	84	Lou_HG	0.346111111111111
31	L4_174_000M1	NFCORE_METASSEMBLY:METASSEMBLY:BINNER:DASTOOL (L4_174_000M1)	BINNER	DASTOOL	10.2833333333333	0.171388888888889	42	7.19833333333333	0.41435546875	105721	66485270	9.9	65770486	9.83	98.92	50.99	714706	78	Lou_HG	0.342777777777778
32	L5_022_000M1	NFCORE_METASSEMBLY:METASSEMBLY:BINNER:DASTOOL (L5_022_000M1)	BINNER	DASTOOL	9.38333333333333	0.156388888888889	42	6.56833333333333	0.3998046875	105727	91679878	13.6	90281856	13.46	98.48	46.18	1397876	146	Lou_HG	0.312777777777778
33	L5_038_000M1	NFCORE_METASSEMBLY:METASSEMBLY:BINNER:DASTOOL (L5_038_000M1)	BINNER	DASTOOL	8.25	0.1375	60.9	8.37375	0.433203125	105738	80346560	11.93	79176672	11.82	98.54	48.02	1169732	156	Lou_HG	0.275
34	L5_047_1096G1	NFCORE_METASSEMBLY:METASSEMBLY:BINNER:DASTOOL (L5_047_1096G1)	BINNER	DASTOOL	8.58333333333333	0.143055555555556	63	9.0125	0.47060546875	105740	105350914	15.63	103453088	15.45	98.2	49.82	1896474	1352	Lou_HG	0.286111111111111
35	L5_079_000M1	NFCORE_METASSEMBLY:METASSEMBLY:BINNER:DASTOOL (L5_079_000M1)	BINNER	DASTOOL	9.2	0.153333333333333	66.3	10.166	0.4642578125	105737	100637008	14.94	99092950	14.79	98.47	47.27	1542858	1200	Lou_HG	0.306666666666667
36	L5_079_1094G1	NFCORE_METASSEMBLY:METASSEMBLY:BINNER:DASTOOL (L5_079_1094G1)	BINNER	DASTOOL	10.0166666666667	0.166944444444444	43	7.17861111111111	0.4154296875	105730	81088356	12.01	79751178	11.89	98.35	48.11	1336968	210	Lou_HG	0.333888888888889
37	L5_082_000M1	NFCORE_METASSEMBLY:METASSEMBLY:BINNER:DASTOOL (L5_082_000M1)	BINNER	DASTOOL	10.5333333333333	0.175555555555556	42.9	7.53133333333333	0.41484375	105722	82974530	12.28	81020522	12.09	97.65	49.81	1948658	5350	Lou_HG	0.351111111111111
38	L5_082_1015G1	NFCORE_METASSEMBLY:METASSEMBLY:BINNER:DASTOOL (L5_082_1015G1)	BINNER	DASTOOL	7.96666666666667	0.132777777777778	61.4	8.15255555555555	0.44267578125	105743	96809314	14.35	95173228	14.2	98.31	45.42	1635880	206	Lou_HG	0.265555555555556
39	L5_082_1096G1	NFCORE_METASSEMBLY:METASSEMBLY:BINNER:DASTOOL (L5_082_1096G1)	BINNER	DASTOOL	8.76666666666667	0.146111111111111	64.2	9.38033333333333	0.44404296875	105739	85408592	12.66	83810816	12.51	98.13	46.5	1597588	188	Lou_HG	0.292222222222222
40	L5_098_907G1	NFCORE_METASSEMBLY:METASSEMBLY:BINNER:DASTOOL (L5_098_907G1)	BINNER	DASTOOL	10.9666666666667	0.182777777777778	43.2	7.896	0.42236328125	105732	77714732	11.52	76277682	11.38	98.15	49.34	1436870	180	Lou_HG	0.365555555555556
41	L5_101_000M1	NFCORE_METASSEMBLY:METASSEMBLY:BINNER:DASTOOL (L5_101_000M1)	BINNER	DASTOOL	10.8	0.18	46.6	8.388	0.45	105733	94522050	14.04	93118638	13.91	98.52	45.56	1403262	150	Lou_HG	0.36
42	L5_102_000M1	NFCORE_METASSEMBLY:METASSEMBLY:BINNER:DASTOOL (L5_102_000M1)	BINNER	DASTOOL	12.3166666666667	0.205277777777778	46.3	9.50436111111111	0.47626953125	105731	84792930	12.55	83480160	12.43	98.45	45.98	1312446	324	Lou_HG	0.410555555555556
43	L5_121_000M1	NFCORE_METASSEMBLY:METASSEMBLY:BINNER:DASTOOL (L5_121_000M1)	BINNER	DASTOOL	10.7	0.178333333333333	40.7	7.25816666666667	0.40634765625	105729	79383838	11.68	78022702	11.56	98.29	48.26	1360140	996	Lou_HG	0.356666666666667
44	L5_144_000M1	NFCORE_METASSEMBLY:METASSEMBLY:BINNER:DASTOOL (L5_144_000M1)	BINNER	DASTOOL	11.7166666666667	0.195277777777778	44.8	8.74844444444444	0.437109375	105734	69096426	10.21	67815912	10.09	98.15	46.59	1280342	172	Lou_HG	0.390555555555556
45	L5_144_1092G1	NFCORE_METASSEMBLY:METASSEMBLY:BINNER:DASTOOL (L5_144_1092G1)	BINNER	DASTOOL	8.16666666666667	0.136111111111111	58	7.89444444444444	0.417578125	105741	67195394	9.95	65785566	9.81	97.9	49.67	1409602	226	Lou_HG	0.272222222222222
46	L5_144_915G1	NFCORE_METASSEMBLY:METASSEMBLY:BINNER:DASTOOL (L5_144_915G1)	BINNER	DASTOOL	8.3	0.138333333333333	61.3	8.47983333333333	0.4279296875	105742	84562104	12.52	82778186	12.35	97.89	48.84	1783164	754	Lou_HG	0.276666666666667
47	L5_145_912G1	NFCORE_METASSEMBLY:METASSEMBLY:BINNER:DASTOOL (L5_145_912G1)	BINNER	DASTOOL	8.33333333333333	0.138888888888889	46.5	6.45833333333333	0.417578125	105728	80899664	11.97	79304196	11.82	98.03	46.29	1595032	436	Lou_HG	0.277777777777778
48	L5_162_1090G1	NFCORE_METASSEMBLY:METASSEMBLY:BINNER:DASTOOL (L5_162_1090G1)	BINNER	DASTOOL	9.58333333333333	0.159722222222222	41.5	6.62847222222222	0.40771484375	105726	69721966	10.31	68112122	10.16	97.69	45.85	1606146	3698	Lou_HG	0.319444444444444
49	L5_169_000M1	NFCORE_METASSEMBLY:METASSEMBLY:BINNER:DASTOOL (L5_169_000M1)	BINNER	DASTOOL	9.91666666666667	0.165277777777778	39.5	6.52847222222222	0.41142578125	105725	94068276	13.95	92549736	13.81	98.39	46.4	1518288	252	Lou_HG	0.330555555555556
50	L5_169_914G1	NFCORE_METASSEMBLY:METASSEMBLY:BINNER:DASTOOL (L5_169_914G1)	BINNER	DASTOOL	5.95	0.0991666666666667	71.6	7.10033333333333	0.38681640625	105736	99088722	14.69	97352422	14.53	98.25	49.14	1736030	270	Lou_HG	0.198333333333333
51	L5_187_1052G1	NFCORE_METASSEMBLY:METASSEMBLY:BINNER:DASTOOL (L5_187_1052G1)	BINNER	DASTOOL	9.08333333333333	0.151388888888889	43.4	6.57027777777778	0.4111328125	105735	103500774	15.34	101748736	15.17	98.31	48.49	1749806	2232	Lou_HG	0.302777777777778
52	SRR5788019	NFCORE_METASSEMBLY:METASSEMBLY:BINNER:DASTOOL (SRR5788019)	BINNER	DASTOOL	1.85	0.0308333333333333	48.2	1.48616666666667	0.3517578125	104714	82852262	12.43	69655782	9.5	84.07	43.14	12972592	223888	Ocean	0.0616666666666667
53	SRR5788051	NFCORE_METASSEMBLY:METASSEMBLY:BINNER:DASTOOL (SRR5788051)	BINNER	DASTOOL	2.83333333333333	0.0472222222222222	44.4	2.09666666666667	0.21943359375	104720	114506672	17.18	94584744	12.76	82.6	40.09	19789104	132824	Ocean	0.0944444444444445
54	SRR5788054	NFCORE_METASSEMBLY:METASSEMBLY:BINNER:DASTOOL (SRR5788054)	BINNER	DASTOOL	1.65	0.0275	47.9	1.31725	0.33955078125	104705	49114276	7.37	41606134	5.67	84.71	42.19	7373690	134452	Ocean	0.055
55	SRR5788072	NFCORE_METASSEMBLY:METASSEMBLY:BINNER:DASTOOL (SRR5788072)	BINNER	DASTOOL	2.31666666666667	0.0386111111111111	43.1	1.66413888888889	0.3474609375	104703	22199210	3.33	21744464	3.21	97.95	37.66	435944	18802	Ocean	0.0772222222222222
56	SRR5788098	NFCORE_METASSEMBLY:METASSEMBLY:BINNER:DASTOOL (SRR5788098)	BINNER	DASTOOL	2.1	0.035	43.5	1.5225	0.34248046875	104716	77140360	11.57	67406966	9.37	87.38	43.38	9654650	78744	Ocean	0.07
57	SRR5788110	NFCORE_METASSEMBLY:METASSEMBLY:BINNER:DASTOOL (SRR5788110)	BINNER	DASTOOL	1.9	0.0316666666666667	46.3	1.46616666666667	0.34892578125	104711	68580390	10.29	59258434	8.23	86.41	45.22	9242636	79320	Ocean	0.0633333333333333
58	SRR5788132	NFCORE_METASSEMBLY:METASSEMBLY:BINNER:DASTOOL (SRR5788132)	BINNER	DASTOOL	2.8	0.0466666666666667	41.9	1.95533333333333	0.34462890625	104719	89515368	13.43	77386672	10.8	86.45	39.56	12005772	122924	Ocean	0.0933333333333333
59	SRR5788157	NFCORE_METASSEMBLY:METASSEMBLY:BINNER:DASTOOL (SRR5788157)	BINNER	DASTOOL	2.51666666666667	0.0419444444444444	41.1	1.72391666666667	0.335546875	104715	59666872	8.95	53904898	7.6	90.34	43.08	5709880	52094	Ocean	0.0838888888888889
60	SRR5788160	NFCORE_METASSEMBLY:METASSEMBLY:BINNER:DASTOOL (SRR5788160)	BINNER	DASTOOL	1.91666666666667	0.0319444444444444	46.8	1.495	0.35107421875	104717	100142828	15.02	87933526	12.33	87.81	40.57	12097036	112266	Ocean	0.0638888888888889
61	SRR5788169	NFCORE_METASSEMBLY:METASSEMBLY:BINNER:DASTOOL (SRR5788169)	BINNER	DASTOOL	2.6	0.0433333333333333	41.9	1.81566666666667	0.3416015625	104709	44251880	6.64	38917672	5.41	87.95	44.65	5319868	14340	Ocean	0.0866666666666667
62	SRR5788170	NFCORE_METASSEMBLY:METASSEMBLY:BINNER:DASTOOL (SRR5788170)	BINNER	DASTOOL	2.91666666666667	0.0486111111111111	32.8	1.59444444444444	0.3421875	104707	42781050	6.42	38469224	5.42	89.92	43.84	4270380	41446	Ocean	0.0972222222222222
63	SRR5788178	NFCORE_METASSEMBLY:METASSEMBLY:BINNER:DASTOOL (SRR5788178)	BINNER	DASTOOL	1.3	0.0216666666666667	55.5	1.2025	0.33203125	104704	41345872	6.2	36317602	5.06	87.84	44.77	4989486	38784	Ocean	0.0433333333333333
64	SRR5788201	NFCORE_METASSEMBLY:METASSEMBLY:BINNER:DASTOOL (SRR5788201)	BINNER	DASTOOL	3.13333333333333	0.0522222222222222	53.1	2.773	0.35234375	104702	40123938	6.02	36552980	5.13	91.1	44.8	3538578	32380	Ocean	0.104444444444444
65	SRR5788251	NFCORE_METASSEMBLY:METASSEMBLY:BINNER:DASTOOL (SRR5788251)	BINNER	DASTOOL	1.4	0.0233333333333333	56.1	1.309	0.34931640625	104701	44042824	6.61	37515452	5.18	85.18	46.29	6495312	32060	Ocean	0.0466666666666667
66	SRR5788255	NFCORE_METASSEMBLY:METASSEMBLY:BINNER:DASTOOL (SRR5788255)	BINNER	DASTOOL	1.76666666666667	0.0294444444444444	46.4	1.36622222222222	0.3427734375	104712	55860230	8.38	49486482	6.9	88.59	42.22	6335388	38360	Ocean	0.0588888888888889
67	SRR5788265	NFCORE_METASSEMBLY:METASSEMBLY:BINNER:DASTOOL (SRR5788265)	BINNER	DASTOOL	3.6	0.06	44.2	2.652	0.36123046875	104722	133170602	19.98	125490050	18.35	94.23	37.95	7487362	193190	Ocean	0.12
68	SRR5788272	NFCORE_METASSEMBLY:METASSEMBLY:BINNER:DASTOOL (SRR5788272)	BINNER	DASTOOL	1.71666666666667	0.0286111111111111	58.2	1.66516666666667	0.3486328125	104700	27545466	4.13	23862114	3.28	86.63	46.39	3655958	27394	Ocean	0.0572222222222222
69	SRR5788292	NFCORE_METASSEMBLY:METASSEMBLY:BINNER:DASTOOL (SRR5788292)	BINNER	DASTOOL	2.56666666666667	0.0427777777777778	40.3	1.72394444444444	0.21396484375	104713	61724160	9.26	53756732	7.49	87.09	42.7	7883514	83914	Ocean	0.0855555555555556
70	SRR5788307	NFCORE_METASSEMBLY:METASSEMBLY:BINNER:DASTOOL (SRR5788307)	BINNER	DASTOOL	5.23333333333333	0.0872222222222222	47	4.09944444444444	0.3833984375	104721	126339976	18.95	111739564	15.59	88.44	44.35	14477136	123276	Ocean	0.174444444444444
71	SRR5788381	NFCORE_METASSEMBLY:METASSEMBLY:BINNER:DASTOOL (SRR5788381)	BINNER	DASTOOL	3.2	0.0533333333333333	38.4	2.048	0.36240234375	104710	54174926	8.13	47866868	6.7	88.36	45.8	6259680	48378	Ocean	0.106666666666667
72	SRR5788386	NFCORE_METASSEMBLY:METASSEMBLY:BINNER:DASTOOL (SRR5788386)	BINNER	DASTOOL	1.6	0.0266666666666667	47.3	1.26133333333333	0.33505859375	104708	48961804	7.34	42783094	5.95	87.38	42.32	6085750	92960	Ocean	0.0533333333333333
73	SRR5788404	NFCORE_METASSEMBLY:METASSEMBLY:BINNER:DASTOOL (SRR5788404)	BINNER	DASTOOL	2.71666666666667	0.0452777777777778	36.4	1.64811111111111	0.21416015625	104706	43774700	6.57	38895334	5.43	88.85	40.9	4847414	31952	Ocean	0.0905555555555556
74	SRR5788412	NFCORE_METASSEMBLY:METASSEMBLY:BINNER:DASTOOL (SRR5788412)	BINNER	DASTOOL	2.28333333333333	0.0380555555555556	51.8	1.97127777777778	0.369140625	104718	98810764	14.82	82976370	11.32	83.98	45.26	15744720	89674	Ocean	0.0761111111111111
75	SRR5788437	NFCORE_METASSEMBLY:METASSEMBLY:BINNER:DASTOOL (SRR5788437)	BINNER	DASTOOL	1.35	0.0225	63.5	1.42875	0.3384765625	104698	16977872	2.55	14926992	2.07	87.92	43.38	2038846	12034	Ocean	0.045
76	SRR5935751	NFCORE_METASSEMBLY:METASSEMBLY:BINNER:DASTOOL (SRR5935751)	BINNER	DASTOOL	0.15	0.0025	77.1	0.19275	0.32978515625	103087	37290890	3.45	30535114	3	81.88	43.45	6755320	456	iHMP	0.005
77	SRR5935942	NFCORE_METASSEMBLY:METASSEMBLY:BINNER:DASTOOL (SRR5935942)	BINNER	DASTOOL	2.21666666666667	0.0369444444444444	53.4	1.97283333333333	0.33505859375	103085	26832010	2.45	21535628	2.11	80.26	44.92	5279024	17358	iHMP	0.0738888888888889
78	SRR5936006	NFCORE_METASSEMBLY:METASSEMBLY:BINNER:DASTOOL (SRR5936006)	BINNER	DASTOOL	1.35	0.0225	84.8	1.908	0.20830078125	103088	37997162	3.52	31158518	3.07	82	44.55	6838534	110	iHMP	0.045
79	SRR5936131	NFCORE_METASSEMBLY:METASSEMBLY:BINNER:DASTOOL (SRR5936131)	BINNER	DASTOOL	1.2	0.02	96.4	1.928	0.34306640625	103094	54566512	5.11	45868838	4.53	84.06	44.87	8695962	1712	iHMP	0.04
80	SRR5936196	NFCORE_METASSEMBLY:METASSEMBLY:BINNER:DASTOOL (SRR5936196)	BINNER	DASTOOL	1.7	0.0283333333333333	59.8	1.69433333333333	0.21025390625	103082	34556040	3.17	27940728	2.74	80.86	44.65	6596370	18942	iHMP	0.0566666666666667
81	SRR5936221	NFCORE_METASSEMBLY:METASSEMBLY:BINNER:DASTOOL (SRR5936221)	BINNER	DASTOOL	1.16666666666667	0.0194444444444444	85.7	1.66638888888889	0.34541015625	103095	54297010	5.08	45584048	4.5	83.95	44.73	8712794	168	iHMP	0.0388888888888889
82	SRR5936235	NFCORE_METASSEMBLY:METASSEMBLY:BINNER:DASTOOL (SRR5936235)	BINNER	DASTOOL	1.86666666666667	0.0311111111111111	53.7	1.67066666666667	0.3365234375	103083	28847916	2.68	24086782	2.37	83.5	43.8	4753550	7584	iHMP	0.0622222222222222
83	SRR5946620	NFCORE_METASSEMBLY:METASSEMBLY:BINNER:DASTOOL (SRR5946620)	BINNER	DASTOOL	1.7	0.0283333333333333	67	1.89833333333333	0.33408203125	103081	30948940	2.87	25323612	2.49	81.82	43.99	5616468	8860	iHMP	0.0566666666666667
84	SRR5946645	NFCORE_METASSEMBLY:METASSEMBLY:BINNER:DASTOOL (SRR5946645)	BINNER	DASTOOL	2.01666666666667	0.0336111111111111	50	1.68055555555556	0.20966796875	103077	15824114	1.5	13843678	1.37	87.48	48.8	1980406	30	iHMP	0.0672222222222222
85	SRR5946691	NFCORE_METASSEMBLY:METASSEMBLY:BINNER:DASTOOL (SRR5946691)	BINNER	DASTOOL	1.31666666666667	0.0219444444444444	67.6	1.48344444444444	0.20986328125	103092	46610392	4.38	39511286	3.9	84.77	44.22	7096868	2238	iHMP	0.0438888888888889
86	SRR5946707	NFCORE_METASSEMBLY:METASSEMBLY:BINNER:DASTOOL (SRR5946707)	BINNER	DASTOOL	2.06666666666667	0.0344444444444445	53.9	1.85655555555556	0.3404296875	103084	22275938	2.02	17244584	1.68	77.41	45.18	5031266	88	iHMP	0.0688888888888889
87	SRR5946794	NFCORE_METASSEMBLY:METASSEMBLY:BINNER:DASTOOL (SRR5946794)	BINNER	DASTOOL	1.9	0.0316666666666667	50.2	1.58966666666667	0.3341796875	103078	15840582	1.44	12255690	1.2	77.37	46.64	3584842	50	iHMP	0.0633333333333333
88	SRR5946842	NFCORE_METASSEMBLY:METASSEMBLY:BINNER:DASTOOL (SRR5946842)	BINNER	DASTOOL	1.33333333333333	0.0222222222222222	74.8	1.66222222222222	0.3322265625	103089	28440678	2.71	25109560	2.48	88.29	44.63	3330788	330	iHMP	0.0444444444444444
89	SRR5946919	NFCORE_METASSEMBLY:METASSEMBLY:BINNER:DASTOOL (SRR5946919)	BINNER	DASTOOL	1.38333333333333	0.0230555555555556	73.2	1.68766666666667	0.20986328125	103090	40194948	3.62	30765376	3	76.54	47.88	9429070	502	iHMP	0.0461111111111111
90	SRR5947041	NFCORE_METASSEMBLY:METASSEMBLY:BINNER:DASTOOL (SRR5947041)	BINNER	DASTOOL	1.93333333333333	0.0322222222222222	52.2	1.682	0.341796875	103080	19231118	1.77	14944380	1.47	77.71	45.82	4286596	142	iHMP	0.0644444444444444
91	SRR5947065	NFCORE_METASSEMBLY:METASSEMBLY:BINNER:DASTOOL (SRR5947065)	BINNER	DASTOOL	1.13333333333333	0.0188888888888889	82.1	1.55077777777778	0.34033203125	103120	51824854	4.86	43779096	4.32	84.48	45.98	8045412	346	iHMP	0.0377777777777778
92	SRR5950535	NFCORE_METASSEMBLY:METASSEMBLY:BINNER:DASTOOL (SRR5950535)	BINNER	DASTOOL	1.71666666666667	0.0286111111111111	54.6	1.56216666666667	0.334375	103086	22263928	2	17010356	1.66	76.4	43.77	5253502	70	iHMP	0.0572222222222222
93	SRR5950618	NFCORE_METASSEMBLY:METASSEMBLY:BINNER:DASTOOL (SRR5950618)	BINNER	DASTOOL	1.25	0.0208333333333333	103.4	2.15416666666667	0.34375	103127	42920824	4	35837476	3.53	83.5	45.58	7083168	180	iHMP	0.0416666666666667
94	SRR5950662	NFCORE_METASSEMBLY:METASSEMBLY:BINNER:DASTOOL (SRR5950662)	BINNER	DASTOOL	1.48333333333333	0.0247222222222222	63.9	1.57975	0.348828125	103091	40815652	3.79	33703372	3.32	82.57	44.85	7112220	60	iHMP	0.0494444444444444
95	SRR5950780	NFCORE_METASSEMBLY:METASSEMBLY:BINNER:DASTOOL (SRR5950780)	BINNER	DASTOOL	1.21666666666667	0.0202777777777778	76.2	1.54516666666667	0.3294921875	103093	44366978	4.14	36967628	3.64	83.32	43.87	7398832	518	iHMP	0.0405555555555556
