	ID	whole_task	module	simple_task	realtime_M	realtime_h	cpu	cpu_time	peak_rss_G	slurmID	raw_reads	raw_bases	clean_reads	clean_bases	effective_rate(%)	C(%)	lq_reads	host_reads	Group	cpu_hour
1	1240301004	NFCORE_METASSEMBLY:METASSEMBLY:QC:FASTP (1240301004)	QC	FASTP	18.9833333333333	0.316388888888889	1127.1	356.601916666667	4.5	103343	43621144	6.54	43598418	6.53	99.95	42.81	19462	3264	HG	5.06222222222222
2	1240401004	NFCORE_METASSEMBLY:METASSEMBLY:QC:FASTP (1240401004)	QC	FASTP	18.85	0.314166666666667	1145.8	359.972166666667	5	103345	46141126	6.92	46051416	6.9	99.81	43.29	20786	68924	HG	5.02666666666667
3	1240401005	NFCORE_METASSEMBLY:METASSEMBLY:QC:FASTP (1240401005)	QC	FASTP	20.4666666666667	0.341111111111111	1160.7	395.927666666667	4.9	103342	49046928	7.36	49014534	7.35	99.93	43.09	27554	4840	HG	5.45777777777778
4	1241601019	NFCORE_METASSEMBLY:METASSEMBLY:QC:FASTP (1241601019)	QC	FASTP	18.95	0.315833333333333	1130.2	356.954833333333	5.4	104777	42262416	6.34	42188074	6.32	99.82	44.46	14906	59436	HG	5.05333333333333
5	1241601021	NFCORE_METASSEMBLY:METASSEMBLY:QC:FASTP (1241601021)	QC	FASTP	22	0.366666666666667	1083.8	397.393333333333	5.3	103349	52261330	7.84	52236750	7.83	99.95	43.85	22162	2418	HG	5.86666666666667
6	1241601036	NFCORE_METASSEMBLY:METASSEMBLY:QC:FASTP (1241601036)	QC	FASTP	24.85	0.414166666666667	1165.6	482.752666666667	5.4	103348	62635094	9.4	62566490	9.37	99.89	42.65	35772	32832	HG	6.62666666666667
7	1241701022	NFCORE_METASSEMBLY:METASSEMBLY:QC:FASTP (1241701022)	QC	FASTP	24.1833333333333	0.403055555555556	1163.6	468.995444444444	5	103346	60439198	9.07	60367720	9.05	99.88	47.64	32144	39334	HG	6.44888888888889
8	1241701160	NFCORE_METASSEMBLY:METASSEMBLY:QC:FASTP (1241701160)	QC	FASTP	25.25	0.420833333333333	1185.5	498.897916666667	5.1	103347	58187590	8.73	57060636	8.55	98.06	44.89	28184	1098770	HG	6.73333333333333
9	1241701161	NFCORE_METASSEMBLY:METASSEMBLY:QC:FASTP (1241701161)	QC	FASTP	22.0666666666667	0.367777777777778	1129.1	415.257888888889	5	103350	51854222	7.78	51780252	7.76	99.86	44.77	26472	47498	HG	5.88444444444444
10	1241701162	NFCORE_METASSEMBLY:METASSEMBLY:QC:FASTP (1241701162)	QC	FASTP	22.5333333333333	0.375555555555556	1171.1	439.813111111111	5.4	103351	56633130	8.49	56531714	8.47	99.82	45.72	28142	73274	HG	6.00888888888889
11	1241701163	NFCORE_METASSEMBLY:METASSEMBLY:QC:FASTP (1241701163)	QC	FASTP	29.1	0.485	1179.6	572.106	5	103352	73579602	11.04	73486950	11.01	99.87	47.63	35094	57558	HG	7.76
12	1241701164	NFCORE_METASSEMBLY:METASSEMBLY:QC:FASTP (1241701164)	QC	FASTP	22.4	0.373333333333333	1182.8	441.578666666667	9.8	103353	55385114	8.31	55354362	8.29	99.94	42.62	22482	8270	HG	5.97333333333333
13	1241701165	NFCORE_METASSEMBLY:METASSEMBLY:QC:FASTP (1241701165)	QC	FASTP	28.3666666666667	0.472777777777778	1220.7	577.119833333333	4.7	103355	67287766	10.09	65539090	9.82	97.4	46.35	28452	1720224	HG	7.56444444444444
14	1241701167	NFCORE_METASSEMBLY:METASSEMBLY:QC:FASTP (1241701167)	QC	FASTP	23.95	0.399166666666667	1100	439.083333333333	5	103354	53087786	7.96	52932964	7.93	99.71	44.16	21734	133088	HG	6.38666666666667
15	1241701169	NFCORE_METASSEMBLY:METASSEMBLY:QC:FASTP (1241701169)	QC	FASTP	21.6	0.36	1210.5	435.78	6.2	103356	44462564	6.67	43913682	6.58	98.77	45.19	9770	539112	HG	5.76
16	1241701170	NFCORE_METASSEMBLY:METASSEMBLY:QC:FASTP (1241701170)	QC	FASTP	26.3833333333333	0.439722222222222	1166.6	512.979944444444	5	103360	63809150	9.57	63395098	9.5	99.35	44.83	23116	390936	HG	7.03555555555556
17	1241701171	NFCORE_METASSEMBLY:METASSEMBLY:QC:FASTP (1241701171)	QC	FASTP	26.15	0.435833333333333	1250.2	544.878833333333	4.7	103357	55091832	8.26	54881060	8.23	99.62	44.69	15740	195032	HG	6.97333333333333
18	1241701172	NFCORE_METASSEMBLY:METASSEMBLY:QC:FASTP (1241701172)	QC	FASTP	22.9833333333333	0.383055555555556	1181.4	452.541833333333	4.6	103358	48451912	7.27	48420380	7.26	99.93	43.57	26118	5414	HG	6.12888888888889
19	1241701175	NFCORE_METASSEMBLY:METASSEMBLY:QC:FASTP (1241701175)	QC	FASTP	21.3333333333333	0.355555555555556	1245.2	442.737777777778	5.1	103359	46510450	6.98	46148584	6.92	99.22	43.16	12654	349212	HG	5.68888888888889
20	1241701178	NFCORE_METASSEMBLY:METASSEMBLY:QC:FASTP (1241701178)	QC	FASTP	18.8666666666667	0.314444444444444	1201.7	377.867888888889	5.4	103361	49385610	7.41	49356708	7.4	99.94	44.07	18414	10488	HG	5.03111111111111
21	1251801001	NFCORE_METASSEMBLY:METASSEMBLY:QC:FASTP (1251801001)	QC	FASTP	29.7	0.495	1110.1	549.4995	5.4	104827	73287852	10.99	73233964	10.98	99.93	44.96	36206	17682	HG	7.92
22	1251801002	NFCORE_METASSEMBLY:METASSEMBLY:QC:FASTP (1251801002)	QC	FASTP	45.9666666666667	0.766111111111111	1210.3	927.224277777778	5.1	104826	115220754	17.28	114617882	17.18	99.48	43.84	58230	544642	HG	12.2577777777778
23	1251801003	NFCORE_METASSEMBLY:METASSEMBLY:QC:FASTP (1251801003)	QC	FASTP	15.8166666666667	0.263611111111111	1259.2	331.939111111111	5	106472	47345832	7.1	47305154	7.09	99.91	43.18	21562	19116	HG	4.21777777777778
24	1251801021	NFCORE_METASSEMBLY:METASSEMBLY:QC:FASTP (1251801021)	QC	FASTP	34.3833333333333	0.573055555555556	1287.2	737.637111111111	5.3	104833	89931344	13.49	89871442	13.47	99.93	45.51	53402	6500	HG	9.16888888888889
25	1251801022	NFCORE_METASSEMBLY:METASSEMBLY:QC:FASTP (1251801022)	QC	FASTP	17.0666666666667	0.284444444444444	1291.8	367.445333333333	4.6	104831	40386366	6.06	40362086	6.05	99.94	43.6	15128	9152	HG	4.55111111111111
26	1251801023	NFCORE_METASSEMBLY:METASSEMBLY:QC:FASTP (1251801023)	QC	FASTP	18.7166666666667	0.311944444444444	1262	393.673888888889	4.7	104836	50009704	7.5	49914470	7.48	99.81	44.67	25452	69782	HG	4.99111111111111
27	1251801024	NFCORE_METASSEMBLY:METASSEMBLY:QC:FASTP (1251801024)	QC	FASTP	16.4	0.273333333333333	1050.7	287.191333333333	4.9	104834	36193138	5.43	36158614	5.42	99.9	46.09	18442	16082	HG	4.37333333333333
28	1251801025	NFCORE_METASSEMBLY:METASSEMBLY:QC:FASTP (1251801025)	QC	FASTP	19.5333333333333	0.325555555555556	1167.5	380.086111111111	5.3	104835	52948888	7.94	52915172	7.93	99.94	45.12	28368	5348	HG	5.20888888888889
29	L4_102_000M1	NFCORE_METASSEMBLY:METASSEMBLY:QC:FASTP (L4_102_000M1)	QC	FASTP	27.0666666666667	0.451111111111111	1100.4	496.402666666667	6.7	105187	79363968	11.8	78573212	11.72	99	47.74	790658	98	Lou_HG	7.21777777777778
30	L4_171_000M1	NFCORE_METASSEMBLY:METASSEMBLY:QC:FASTP (L4_171_000M1)	QC	FASTP	32.8833333333333	0.548055555555556	1112.2	609.547388888889	4.8	105189	80167552	11.94	79326746	11.86	98.95	47.32	840722	84	Lou_HG	8.76888888888889
31	L4_174_000M1	NFCORE_METASSEMBLY:METASSEMBLY:QC:FASTP (L4_174_000M1)	QC	FASTP	20.7	0.345	1214.7	419.0715	4.5	105188	66485270	9.9	65770486	9.83	98.92	50.99	714706	78	Lou_HG	5.52
32	L5_022_000M1	NFCORE_METASSEMBLY:METASSEMBLY:QC:FASTP (L5_022_000M1)	QC	FASTP	32.9	0.548333333333333	1082.4	593.516	5.9	105186	91679878	13.6	90281856	13.46	98.48	46.18	1397876	146	Lou_HG	8.77333333333333
33	L5_038_000M1	NFCORE_METASSEMBLY:METASSEMBLY:QC:FASTP (L5_038_000M1)	QC	FASTP	32.1	0.535	1109.9	593.7965	4.9	105190	80346560	11.93	79176672	11.82	98.54	48.02	1169732	156	Lou_HG	8.56
34	L5_047_1096G1	NFCORE_METASSEMBLY:METASSEMBLY:QC:FASTP (L5_047_1096G1)	QC	FASTP	36.8666666666667	0.614444444444444	1112.8	683.753777777778	6.8	105198	105350914	15.63	103453088	15.45	98.2	49.82	1896474	1352	Lou_HG	9.83111111111111
35	L5_079_000M1	NFCORE_METASSEMBLY:METASSEMBLY:QC:FASTP (L5_079_000M1)	QC	FASTP	35.0666666666667	0.584444444444445	1149.5	671.818888888889	5.3	105193	100637008	14.94	99092950	14.79	98.47	47.27	1542858	1200	Lou_HG	9.35111111111111
36	L5_079_1094G1	NFCORE_METASSEMBLY:METASSEMBLY:QC:FASTP (L5_079_1094G1)	QC	FASTP	34.4333333333333	0.573888888888889	1131.3	649.2405	5.2	105199	81088356	12.01	79751178	11.89	98.35	48.11	1336968	210	Lou_HG	9.18222222222222
37	L5_082_000M1	NFCORE_METASSEMBLY:METASSEMBLY:QC:FASTP (L5_082_000M1)	QC	FASTP	32.1666666666667	0.536111111111111	1073.9	575.729722222222	5.2	105191	82974530	12.28	81020522	12.09	97.65	49.81	1948658	5350	Lou_HG	8.57777777777778
38	L5_082_1015G1	NFCORE_METASSEMBLY:METASSEMBLY:QC:FASTP (L5_082_1015G1)	QC	FASTP	37.5	0.625	1189.4	743.375	5.2	105200	96809314	14.35	95173228	14.2	98.31	45.42	1635880	206	Lou_HG	10
39	L5_082_1096G1	NFCORE_METASSEMBLY:METASSEMBLY:QC:FASTP (L5_082_1096G1)	QC	FASTP	32.5	0.541666666666667	1150.1	622.970833333333	4.9	105201	85408592	12.66	83810816	12.51	98.13	46.5	1597588	188	Lou_HG	8.66666666666667
40	L5_098_907G1	NFCORE_METASSEMBLY:METASSEMBLY:QC:FASTP (L5_098_907G1)	QC	FASTP	30.4333333333333	0.507222222222222	1093.1	554.444611111111	4.8	105202	77714732	11.52	76277682	11.38	98.15	49.34	1436870	180	Lou_HG	8.11555555555556
41	L5_101_000M1	NFCORE_METASSEMBLY:METASSEMBLY:QC:FASTP (L5_101_000M1)	QC	FASTP	33.7	0.561666666666667	1130.1	634.7395	5.9	105192	94522050	14.04	93118638	13.91	98.52	45.56	1403262	150	Lou_HG	8.98666666666667
42	L5_102_000M1	NFCORE_METASSEMBLY:METASSEMBLY:QC:FASTP (L5_102_000M1)	QC	FASTP	31.8166666666667	0.530277777777778	1124	596.032222222222	4.9	105195	84792930	12.55	83480160	12.43	98.45	45.98	1312446	324	Lou_HG	8.48444444444444
43	L5_121_000M1	NFCORE_METASSEMBLY:METASSEMBLY:QC:FASTP (L5_121_000M1)	QC	FASTP	29.8166666666667	0.496944444444444	1037.6	515.629555555555	5.3	105194	79383838	11.68	78022702	11.56	98.29	48.26	1360140	996	Lou_HG	7.95111111111111
44	L5_144_000M1	NFCORE_METASSEMBLY:METASSEMBLY:QC:FASTP (L5_144_000M1)	QC	FASTP	24.5666666666667	0.409444444444444	1152.1	471.720944444444	6.7	105196	69096426	10.21	67815912	10.09	98.15	46.59	1280342	172	Lou_HG	6.55111111111111
45	L5_144_1092G1	NFCORE_METASSEMBLY:METASSEMBLY:QC:FASTP (L5_144_1092G1)	QC	FASTP	24.9	0.415	1153.1	478.5365	5.2	105204	67195394	9.95	65785566	9.81	97.9	49.67	1409602	226	Lou_HG	6.64
46	L5_144_915G1	NFCORE_METASSEMBLY:METASSEMBLY:QC:FASTP (L5_144_915G1)	QC	FASTP	31.3833333333333	0.523055555555555	1143.2	597.957111111111	4.8	105203	84562104	12.52	82778186	12.35	97.89	48.84	1783164	754	Lou_HG	8.36888888888889
47	L5_145_912G1	NFCORE_METASSEMBLY:METASSEMBLY:QC:FASTP (L5_145_912G1)	QC	FASTP	33.25	0.554166666666667	1091.7	604.98375	4.9	105205	80899664	11.97	79304196	11.82	98.03	46.29	1595032	436	Lou_HG	8.86666666666667
48	L5_162_1090G1	NFCORE_METASSEMBLY:METASSEMBLY:QC:FASTP (L5_162_1090G1)	QC	FASTP	26.6166666666667	0.443611111111111	1145.1	507.979083333333	6.7	105208	69721966	10.31	68112122	10.16	97.69	45.85	1606146	3698	Lou_HG	7.09777777777778
49	L5_169_000M1	NFCORE_METASSEMBLY:METASSEMBLY:QC:FASTP (L5_169_000M1)	QC	FASTP	36.6	0.61	1090	664.9	5.2	105197	94068276	13.95	92549736	13.81	98.39	46.4	1518288	252	Lou_HG	9.76
50	L5_169_914G1	NFCORE_METASSEMBLY:METASSEMBLY:QC:FASTP (L5_169_914G1)	QC	FASTP	36.7333333333333	0.612222222222222	1174.2	718.871333333333	5.2	105207	99088722	14.69	97352422	14.53	98.25	49.14	1736030	270	Lou_HG	9.79555555555556
51	L5_187_1052G1	NFCORE_METASSEMBLY:METASSEMBLY:QC:FASTP (L5_187_1052G1)	QC	FASTP	37.4833333333333	0.624722222222222	1141.4	713.057944444445	4.9	105206	103500774	15.34	101748736	15.17	98.31	48.49	1749806	2232	Lou_HG	9.99555555555556
52	SRR5788019	NFCORE_METASSEMBLY:METASSEMBLY:QC:FASTP (SRR5788019)	QC	FASTP	29.4833333333333	0.491388888888889	1245.4	611.975722222222	4.9	104185	82852262	12.43	69655782	9.5	84.07	43.14	12972592	223888	Ocean	7.86222222222222
53	SRR5788051	NFCORE_METASSEMBLY:METASSEMBLY:QC:FASTP (SRR5788051)	QC	FASTP	38.05	0.634166666666667	1326.6	841.2855	4.6	104188	114506672	17.18	94584744	12.76	82.6	40.09	19789104	132824	Ocean	10.1466666666667
54	SRR5788054	NFCORE_METASSEMBLY:METASSEMBLY:QC:FASTP (SRR5788054)	QC	FASTP	17.7333333333333	0.295555555555556	1132.2	334.628	5	104186	49114276	7.37	41606134	5.67	84.71	42.19	7373690	134452	Ocean	4.72888888888889
55	SRR5788072	NFCORE_METASSEMBLY:METASSEMBLY:QC:FASTP (SRR5788072)	QC	FASTP	13.6166666666667	0.226944444444444	924.8	209.878222222222	4.8	104187	22199210	3.33	21744464	3.21	97.95	37.66	435944	18802	Ocean	3.63111111111111
56	SRR5788098	NFCORE_METASSEMBLY:METASSEMBLY:QC:FASTP (SRR5788098)	QC	FASTP	30.0333333333333	0.500555555555556	1199.5	600.416388888889	5	104189	77140360	11.57	67406966	9.37	87.38	43.38	9654650	78744	Ocean	8.00888888888889
57	SRR5788110	NFCORE_METASSEMBLY:METASSEMBLY:QC:FASTP (SRR5788110)	QC	FASTP	27.5333333333333	0.458888888888889	1173.6	538.552	4.3	104190	68580390	10.29	59258434	8.23	86.41	45.22	9242636	79320	Ocean	7.34222222222222
58	SRR5788132	NFCORE_METASSEMBLY:METASSEMBLY:QC:FASTP (SRR5788132)	QC	FASTP	36.3	0.605	1279.9	774.3395	4.6	104192	89515368	13.43	77386672	10.8	86.45	39.56	12005772	122924	Ocean	9.68
59	SRR5788157	NFCORE_METASSEMBLY:METASSEMBLY:QC:FASTP (SRR5788157)	QC	FASTP	25.35	0.4225	1191.3	503.32425	4.8	104191	59666872	8.95	53904898	7.6	90.34	43.08	5709880	52094	Ocean	6.76
60	SRR5788160	NFCORE_METASSEMBLY:METASSEMBLY:QC:FASTP (SRR5788160)	QC	FASTP	37.2666666666667	0.621111111111111	1271	789.432222222222	5	104193	100142828	15.02	87933526	12.33	87.81	40.57	12097036	112266	Ocean	9.93777777777778
61	SRR5788169	NFCORE_METASSEMBLY:METASSEMBLY:QC:FASTP (SRR5788169)	QC	FASTP	15.9833333333333	0.266388888888889	1131.1	301.312472222222	4.6	104195	44251880	6.64	38917672	5.41	87.95	44.65	5319868	14340	Ocean	4.26222222222222
62	SRR5788170	NFCORE_METASSEMBLY:METASSEMBLY:QC:FASTP (SRR5788170)	QC	FASTP	17.1166666666667	0.285277777777778	1123.3	320.452527777778	8.5	104194	42781050	6.42	38469224	5.42	89.92	43.84	4270380	41446	Ocean	4.56444444444444
63	SRR5788178	NFCORE_METASSEMBLY:METASSEMBLY:QC:FASTP (SRR5788178)	QC	FASTP	15.9666666666667	0.266111111111111	1140.9	303.606166666667	4.6	104196	41345872	6.2	36317602	5.06	87.84	44.77	4989486	38784	Ocean	4.25777777777778
64	SRR5788201	NFCORE_METASSEMBLY:METASSEMBLY:QC:FASTP (SRR5788201)	QC	FASTP	15.1833333333333	0.253055555555556	1188.7	300.807138888889	4.9	104197	40123938	6.02	36552980	5.13	91.1	44.8	3538578	32380	Ocean	4.04888888888889
65	SRR5788251	NFCORE_METASSEMBLY:METASSEMBLY:QC:FASTP (SRR5788251)	QC	FASTP	15.25	0.254166666666667	1173.7	298.315416666667	4.7	104200	44042824	6.61	37515452	5.18	85.18	46.29	6495312	32060	Ocean	4.06666666666667
66	SRR5788255	NFCORE_METASSEMBLY:METASSEMBLY:QC:FASTP (SRR5788255)	QC	FASTP	21.4666666666667	0.357777777777778	1179.8	422.106222222222	5.2	104199	55860230	8.38	49486482	6.9	88.59	42.22	6335388	38360	Ocean	5.72444444444444
67	SRR5788265	NFCORE_METASSEMBLY:METASSEMBLY:QC:FASTP (SRR5788265)	QC	FASTP	63.5666666666667	1.05944444444444	1235.1	1308.51983333333	5.1	104201	133170602	19.98	125490050	18.35	94.23	37.95	7487362	193190	Ocean	16.9511111111111
68	SRR5788272	NFCORE_METASSEMBLY:METASSEMBLY:QC:FASTP (SRR5788272)	QC	FASTP	10.6666666666667	0.177777777777778	985.3	175.164444444444	5.6	104204	27545466	4.13	23862114	3.28	86.63	46.39	3655958	27394	Ocean	2.84444444444444
69	SRR5788292	NFCORE_METASSEMBLY:METASSEMBLY:QC:FASTP (SRR5788292)	QC	FASTP	21.7	0.361666666666667	1239.8	448.394333333333	5	104203	61724160	9.26	53756732	7.49	87.09	42.7	7883514	83914	Ocean	5.78666666666667
70	SRR5788307	NFCORE_METASSEMBLY:METASSEMBLY:QC:FASTP (SRR5788307)	QC	FASTP	49.05	0.8175	1220.9	998.08575	5	104202	126339976	18.95	111739564	15.59	88.44	44.35	14477136	123276	Ocean	13.08
71	SRR5788381	NFCORE_METASSEMBLY:METASSEMBLY:QC:FASTP (SRR5788381)	QC	FASTP	20.6	0.343333333333333	1159.9	398.232333333333	4.9	104206	54174926	8.13	47866868	6.7	88.36	45.8	6259680	48378	Ocean	5.49333333333333
72	SRR5788386	NFCORE_METASSEMBLY:METASSEMBLY:QC:FASTP (SRR5788386)	QC	FASTP	19.0833333333333	0.318055555555556	1212.2	385.546944444444	5.1	104208	48961804	7.34	42783094	5.95	87.38	42.32	6085750	92960	Ocean	5.08888888888889
73	SRR5788404	NFCORE_METASSEMBLY:METASSEMBLY:QC:FASTP (SRR5788404)	QC	FASTP	15.5	0.258333333333333	1228.3	317.310833333333	4.7	104209	43774700	6.57	38895334	5.43	88.85	40.9	4847414	31952	Ocean	4.13333333333333
74	SRR5788412	NFCORE_METASSEMBLY:METASSEMBLY:QC:FASTP (SRR5788412)	QC	FASTP	33.8	0.563333333333333	1316.3	741.515666666667	5.7	104210	98810764	14.82	82976370	11.32	83.98	45.26	15744720	89674	Ocean	9.01333333333333
75	SRR5788437	NFCORE_METASSEMBLY:METASSEMBLY:QC:FASTP (SRR5788437)	QC	FASTP	9.01666666666667	0.150277777777778	943.1	141.726972222222	4.5	104211	16977872	2.55	14926992	2.07	87.92	43.38	2038846	12034	Ocean	2.40444444444444
76	SRR5935751	NFCORE_METASSEMBLY:METASSEMBLY:QC:FASTP (SRR5935751)	QC	FASTP	6.86666666666667	0.114444444444444	1277.4	146.191333333333	4.4	102796	37290890	3.45	30535114	3	81.88	43.45	6755320	456	iHMP	1.83111111111111
77	SRR5935942	NFCORE_METASSEMBLY:METASSEMBLY:QC:FASTP (SRR5935942)	QC	FASTP	6.86666666666667	0.114444444444444	1055.4	120.784666666667	4.3	102798	26832010	2.45	21535628	2.11	80.26	44.92	5279024	17358	iHMP	1.83111111111111
78	SRR5936006	NFCORE_METASSEMBLY:METASSEMBLY:QC:FASTP (SRR5936006)	QC	FASTP	9.48333333333333	0.158055555555556	1033.2	163.303	5.2	102797	37997162	3.52	31158518	3.07	82	44.55	6838534	110	iHMP	2.52888888888889
79	SRR5936131	NFCORE_METASSEMBLY:METASSEMBLY:QC:FASTP (SRR5936131)	QC	FASTP	13.7833333333333	0.229722222222222	1123.6	258.115888888889	4.8	102799	54566512	5.11	45868838	4.53	84.06	44.87	8695962	1712	iHMP	3.67555555555556
80	SRR5936196	NFCORE_METASSEMBLY:METASSEMBLY:QC:FASTP (SRR5936196)	QC	FASTP	8.01666666666667	0.133611111111111	1127.5	150.646527777778	5.3	102801	34556040	3.17	27940728	2.74	80.86	44.65	6596370	18942	iHMP	2.13777777777778
81	SRR5936221	NFCORE_METASSEMBLY:METASSEMBLY:QC:FASTP (SRR5936221)	QC	FASTP	13.1833333333333	0.219722222222222	1105.6	242.924888888889	5.1	102800	54297010	5.08	45584048	4.5	83.95	44.73	8712794	168	iHMP	3.51555555555556
82	SRR5936235	NFCORE_METASSEMBLY:METASSEMBLY:QC:FASTP (SRR5936235)	QC	FASTP	7.3	0.121666666666667	1080	131.4	4.8	102802	28847916	2.68	24086782	2.37	83.5	43.8	4753550	7584	iHMP	1.94666666666667
83	SRR5946620	NFCORE_METASSEMBLY:METASSEMBLY:QC:FASTP (SRR5946620)	QC	FASTP	7.16666666666667	0.119444444444444	1069.1	127.698055555556	4.9	102803	30948940	2.87	25323612	2.49	81.82	43.99	5616468	8860	iHMP	1.91111111111111
84	SRR5946645	NFCORE_METASSEMBLY:METASSEMBLY:QC:FASTP (SRR5946645)	QC	FASTP	4.38333333333333	0.0730555555555556	969.2	70.8054444444445	4.7	102804	15824114	1.5	13843678	1.37	87.48	48.8	1980406	30	iHMP	1.16888888888889
85	SRR5946691	NFCORE_METASSEMBLY:METASSEMBLY:QC:FASTP (SRR5946691)	QC	FASTP	9.83333333333333	0.163888888888889	1174	192.405555555556	5.2	102805	46610392	4.38	39511286	3.9	84.77	44.22	7096868	2238	iHMP	2.62222222222222
86	SRR5946707	NFCORE_METASSEMBLY:METASSEMBLY:QC:FASTP (SRR5946707)	QC	FASTP	3.88333333333333	0.0647222222222222	1269.2	82.1454444444445	4.4	102807	22275938	2.02	17244584	1.68	77.41	45.18	5031266	88	iHMP	1.03555555555556
87	SRR5946794	NFCORE_METASSEMBLY:METASSEMBLY:QC:FASTP (SRR5946794)	QC	FASTP	4.43333333333333	0.0738888888888889	818.7	60.4928333333333	4.6	102806	15840582	1.44	12255690	1.2	77.37	46.64	3584842	50	iHMP	1.18222222222222
88	SRR5946842	NFCORE_METASSEMBLY:METASSEMBLY:QC:FASTP (SRR5946842)	QC	FASTP	6.7	0.111666666666667	1085.7	121.2365	6.6	102808	28440678	2.71	25109560	2.48	88.29	44.63	3330788	330	iHMP	1.78666666666667
89	SRR5946919	NFCORE_METASSEMBLY:METASSEMBLY:QC:FASTP (SRR5946919)	QC	FASTP	7.16666666666667	0.119444444444444	1111.5	132.7625	5.9	102809	40194948	3.62	30765376	3	76.54	47.88	9429070	502	iHMP	1.91111111111111
90	SRR5947041	NFCORE_METASSEMBLY:METASSEMBLY:QC:FASTP (SRR5947041)	QC	FASTP	4.33333333333333	0.0722222222222222	1224.5	88.4361111111111	3.8	102810	19231118	1.77	14944380	1.47	77.71	45.82	4286596	142	iHMP	1.15555555555556
91	SRR5947065	NFCORE_METASSEMBLY:METASSEMBLY:QC:FASTP (SRR5947065)	QC	FASTP	11.5	0.191666666666667	1174.5	225.1125	4.4	102813	51824854	4.86	43779096	4.32	84.48	45.98	8045412	346	iHMP	3.06666666666667
92	SRR5950535	NFCORE_METASSEMBLY:METASSEMBLY:QC:FASTP (SRR5950535)	QC	FASTP	4.4	0.0733333333333333	1117.5	81.95	4.8	102821	22263928	2	17010356	1.66	76.4	43.77	5253502	70	iHMP	1.17333333333333
93	SRR5950618	NFCORE_METASSEMBLY:METASSEMBLY:QC:FASTP (SRR5950618)	QC	FASTP	7.68333333333333	0.128055555555556	1223.8	156.714388888889	4.4	102820	42920824	4	35837476	3.53	83.5	45.58	7083168	180	iHMP	2.04888888888889
94	SRR5950662	NFCORE_METASSEMBLY:METASSEMBLY:QC:FASTP (SRR5950662)	QC	FASTP	9	0.15	1019.8	152.97	5.9	102819	40815652	3.79	33703372	3.32	82.57	44.85	7112220	60	iHMP	2.4
95	SRR5950780	NFCORE_METASSEMBLY:METASSEMBLY:QC:FASTP (SRR5950780)	QC	FASTP	9.75	0.1625	1091.9	177.43375	5.9	102818	44366978	4.14	36967628	3.64	83.32	43.87	7398832	518	iHMP	2.6
