	ID	whole_task	module	simple_task	realtime_M	realtime_h	cpu	cpu_time	peak_rss_G	slurmID	raw_reads	raw_bases	clean_reads	clean_bases	effective_rate(%)	C(%)	lq_reads	host_reads	Group	cpu_hour
1	1240301004	NFCORE_METASSEMBLY:METASSEMBLY:BINNER:METABAT2 (1240301004)	BINNER	METABAT2	2.51666666666667	0.0419444444444444	825.1	34.6083611111111	0.20029296875	104841	43621144	6.54	43598418	6.53	99.95	42.81	19462	3264	HG	0.671111111111111
2	1240401004	NFCORE_METASSEMBLY:METASSEMBLY:BINNER:METABAT2 (1240401004)	BINNER	METABAT2	0.133333333333333	0.00222222222222222	663.8	1.47511111111111	0.0869140625	104838	46141126	6.92	46051416	6.9	99.81	43.29	20786	68924	HG	0.0355555555555556
3	1240401005	NFCORE_METASSEMBLY:METASSEMBLY:BINNER:METABAT2 (1240401005)	BINNER	METABAT2	1.05	0.0175	784.7	13.73225	0.1359375	104847	49046928	7.36	49014534	7.35	99.93	43.09	27554	4840	HG	0.28
4	1241601019	NFCORE_METASSEMBLY:METASSEMBLY:BINNER:METABAT2 (1241601019)	BINNER	METABAT2	2.41666666666667	0.0402777777777778	815.5	32.8465277777778	0.17109375	104845	42262416	6.34	42188074	6.32	99.82	44.46	14906	59436	HG	0.644444444444444
5	1241601021	NFCORE_METASSEMBLY:METASSEMBLY:BINNER:METABAT2 (1241601021)	BINNER	METABAT2	2.95	0.0491666666666667	829.2	40.769	0.178125	104851	52261330	7.84	52236750	7.83	99.95	43.85	22162	2418	HG	0.786666666666667
6	1241601036	NFCORE_METASSEMBLY:METASSEMBLY:BINNER:METABAT2 (1241601036)	BINNER	METABAT2	1.96666666666667	0.0327777777777778	833.3	27.3137222222222	0.16982421875	104864	62635094	9.4	62566490	9.37	99.89	42.65	35772	32832	HG	0.524444444444444
7	1241701022	NFCORE_METASSEMBLY:METASSEMBLY:BINNER:METABAT2 (1241701022)	BINNER	METABAT2	4.73333333333333	0.0788888888888889	842	66.4244444444444	0.262109375	104861	60439198	9.07	60367720	9.05	99.88	47.64	32144	39334	HG	1.26222222222222
8	1241701160	NFCORE_METASSEMBLY:METASSEMBLY:BINNER:METABAT2 (1241701160)	BINNER	METABAT2	1.13333333333333	0.0188888888888889	817.7	15.4454444444444	0.15615234375	104856	58187590	8.73	57060636	8.55	98.06	44.89	28184	1098770	HG	0.302222222222222
9	1241701161	NFCORE_METASSEMBLY:METASSEMBLY:BINNER:METABAT2 (1241701161)	BINNER	METABAT2	1.36666666666667	0.0227777777777778	776.3	17.6823888888889	0.15673828125	104894	51854222	7.78	51780252	7.76	99.86	44.77	26472	47498	HG	0.364444444444444
10	1241701162	NFCORE_METASSEMBLY:METASSEMBLY:BINNER:METABAT2 (1241701162)	BINNER	METABAT2	1.88333333333333	0.0313888888888889	714.4	22.4242222222222	0.163671875	104881	56633130	8.49	56531714	8.47	99.82	45.72	28142	73274	HG	0.502222222222222
11	1241701163	NFCORE_METASSEMBLY:METASSEMBLY:BINNER:METABAT2 (1241701163)	BINNER	METABAT2	5.06666666666667	0.0844444444444444	847.8	71.592	0.266796875	104910	73579602	11.04	73486950	11.01	99.87	47.63	35094	57558	HG	1.35111111111111
12	1241701164	NFCORE_METASSEMBLY:METASSEMBLY:BINNER:METABAT2 (1241701164)	BINNER	METABAT2	4.8	0.08	826.9	66.152	0.22939453125	104878	55385114	8.31	55354362	8.29	99.94	42.62	22482	8270	HG	1.28
13	1241701165	NFCORE_METASSEMBLY:METASSEMBLY:BINNER:METABAT2 (1241701165)	BINNER	METABAT2	10.5	0.175	814.9	142.6075	0.309375	104883	67287766	10.09	65539090	9.82	97.4	46.35	28452	1720224	HG	2.8
14	1241701167	NFCORE_METASSEMBLY:METASSEMBLY:BINNER:METABAT2 (1241701167)	BINNER	METABAT2	4.38333333333333	0.0730555555555556	799	58.3713888888889	0.22607421875	104866	53087786	7.96	52932964	7.93	99.71	44.16	21734	133088	HG	1.16888888888889
15	1241701169	NFCORE_METASSEMBLY:METASSEMBLY:BINNER:METABAT2 (1241701169)	BINNER	METABAT2	0.65	0.0108333333333333	794.5	8.60708333333333	0.10849609375	104854	44462564	6.67	43913682	6.58	98.77	45.19	9770	539112	HG	0.173333333333333
16	1241701170	NFCORE_METASSEMBLY:METASSEMBLY:BINNER:METABAT2 (1241701170)	BINNER	METABAT2	0.0666666666666667	0.00111111111111111	783.1	0.870111111111111	0.10498046875	104876	63809150	9.57	63395098	9.5	99.35	44.83	23116	390936	HG	0.0177777777777778
17	1241701171	NFCORE_METASSEMBLY:METASSEMBLY:BINNER:METABAT2 (1241701171)	BINNER	METABAT2	3.56666666666667	0.0594444444444444	822	48.8633333333333	0.183203125	104905	55091832	8.26	54881060	8.23	99.62	44.69	15740	195032	HG	0.951111111111111
18	1241701172	NFCORE_METASSEMBLY:METASSEMBLY:BINNER:METABAT2 (1241701172)	BINNER	METABAT2	1.2	0.02	787.6	15.752	0.1380859375	104903	48451912	7.27	48420380	7.26	99.93	43.57	26118	5414	HG	0.32
19	1241701175	NFCORE_METASSEMBLY:METASSEMBLY:BINNER:METABAT2 (1241701175)	BINNER	METABAT2	4.16666666666667	0.0694444444444444	840	58.3333333333333	0.19794921875	104907	46510450	6.98	46148584	6.92	99.22	43.16	12654	349212	HG	1.11111111111111
20	1241701178	NFCORE_METASSEMBLY:METASSEMBLY:BINNER:METABAT2 (1241701178)	BINNER	METABAT2	0.0166666666666667	0.000277777777777778	800	0.222222222222222	0.07041015625	104896	49385610	7.41	49356708	7.4	99.94	44.07	18414	10488	HG	0.00444444444444444
21	1251801001	NFCORE_METASSEMBLY:METASSEMBLY:BINNER:METABAT2 (1251801001)	BINNER	METABAT2	4.65	0.0775	810.5	62.81375	0.23935546875	105178	73287852	10.99	73233964	10.98	99.93	44.96	36206	17682	HG	1.24
22	1251801002	NFCORE_METASSEMBLY:METASSEMBLY:BINNER:METABAT2 (1251801002)	BINNER	METABAT2	2.6	0.0433333333333333	815.8	35.3513333333333	0.2068359375	106470	115220754	17.28	114617882	17.18	99.48	43.84	58230	544642	HG	0.693333333333333
23	1251801003	NFCORE_METASSEMBLY:METASSEMBLY:BINNER:METABAT2 (1251801003)	BINNER	METABAT2	1.13333333333333	0.0188888888888889	803.5	15.1772222222222	0.1298828125	106638	47345832	7.1	47305154	7.09	99.91	43.18	21562	19116	HG	0.302222222222222
24	1251801021	NFCORE_METASSEMBLY:METASSEMBLY:BINNER:METABAT2 (1251801021)	BINNER	METABAT2	6.41666666666667	0.106944444444444	830.4	88.8066666666667	0.290625	105185	89931344	13.49	89871442	13.47	99.93	45.51	53402	6500	HG	1.71111111111111
25	1251801022	NFCORE_METASSEMBLY:METASSEMBLY:BINNER:METABAT2 (1251801022)	BINNER	METABAT2	2.15	0.0358333333333333	625.4	22.4101666666667	0.13466796875	105148	40386366	6.06	40362086	6.05	99.94	43.6	15128	9152	HG	0.573333333333333
26	1251801023	NFCORE_METASSEMBLY:METASSEMBLY:BINNER:METABAT2 (1251801023)	BINNER	METABAT2	2.31666666666667	0.0386111111111111	800.1	30.89275	0.17236328125	105162	50009704	7.5	49914470	7.48	99.81	44.67	25452	69782	HG	0.617777777777778
27	1251801024	NFCORE_METASSEMBLY:METASSEMBLY:BINNER:METABAT2 (1251801024)	BINNER	METABAT2	1.68333333333333	0.0280555555555556	833	23.3702777777778	0.1513671875	105093	36193138	5.43	36158614	5.42	99.9	46.09	18442	16082	HG	0.448888888888889
28	1251801025	NFCORE_METASSEMBLY:METASSEMBLY:BINNER:METABAT2 (1251801025)	BINNER	METABAT2	3.3	0.055	814.1	44.7755	0.19990234375	105168	52948888	7.94	52915172	7.93	99.94	45.12	28368	5348	HG	0.88
29	L4_102_000M1	NFCORE_METASSEMBLY:METASSEMBLY:BINNER:METABAT2 (L4_102_000M1)	BINNER	METABAT2	9.21666666666667	0.153611111111111	837.2	128.603222222222	0.4025390625	105530	79363968	11.8	78573212	11.72	99	47.74	790658	98	Lou_HG	2.45777777777778
30	L4_171_000M1	NFCORE_METASSEMBLY:METASSEMBLY:BINNER:METABAT2 (L4_171_000M1)	BINNER	METABAT2	6.35	0.105833333333333	834.6	88.3285	0.32607421875	105521	80167552	11.94	79326746	11.86	98.95	47.32	840722	84	Lou_HG	1.69333333333333
31	L4_174_000M1	NFCORE_METASSEMBLY:METASSEMBLY:BINNER:METABAT2 (L4_174_000M1)	BINNER	METABAT2	6.35	0.105833333333333	827.9	87.6194166666667	0.31494140625	105479	66485270	9.9	65770486	9.83	98.92	50.99	714706	78	Lou_HG	1.69333333333333
32	L5_022_000M1	NFCORE_METASSEMBLY:METASSEMBLY:BINNER:METABAT2 (L5_022_000M1)	BINNER	METABAT2	4.71666666666667	0.0786111111111111	827.8	65.0742777777778	0.29970703125	105559	91679878	13.6	90281856	13.46	98.48	46.18	1397876	146	Lou_HG	1.25777777777778
33	L5_038_000M1	NFCORE_METASSEMBLY:METASSEMBLY:BINNER:METABAT2 (L5_038_000M1)	BINNER	METABAT2	13.0666666666667	0.217777777777778	764.8	166.556444444444	0.35791015625	105590	80346560	11.93	79176672	11.82	98.54	48.02	1169732	156	Lou_HG	3.48444444444444
34	L5_047_1096G1	NFCORE_METASSEMBLY:METASSEMBLY:BINNER:METABAT2 (L5_047_1096G1)	BINNER	METABAT2	11.35	0.189166666666667	782.1	147.94725	0.3728515625	105628	105350914	15.63	103453088	15.45	98.2	49.82	1896474	1352	Lou_HG	3.02666666666667
35	L5_079_000M1	NFCORE_METASSEMBLY:METASSEMBLY:BINNER:METABAT2 (L5_079_000M1)	BINNER	METABAT2	9.18333333333333	0.153055555555556	838.1	128.275861111111	0.38046875	105603	100637008	14.94	99092950	14.79	98.47	47.27	1542858	1200	Lou_HG	2.44888888888889
36	L5_079_1094G1	NFCORE_METASSEMBLY:METASSEMBLY:BINNER:METABAT2 (L5_079_1094G1)	BINNER	METABAT2	5.15	0.0858333333333333	846.8	72.6836666666667	0.287890625	105569	81088356	12.01	79751178	11.89	98.35	48.11	1336968	210	Lou_HG	1.37333333333333
37	L5_082_000M1	NFCORE_METASSEMBLY:METASSEMBLY:BINNER:METABAT2 (L5_082_000M1)	BINNER	METABAT2	5.76666666666667	0.0961111111111111	832.3	79.9932777777778	0.31103515625	105513	82974530	12.28	81020522	12.09	97.65	49.81	1948658	5350	Lou_HG	1.53777777777778
38	L5_082_1015G1	NFCORE_METASSEMBLY:METASSEMBLY:BINNER:METABAT2 (L5_082_1015G1)	BINNER	METABAT2	8.13333333333333	0.135555555555556	795.8	107.875111111111	0.35771484375	105681	96809314	14.35	95173228	14.2	98.31	45.42	1635880	206	Lou_HG	2.16888888888889
39	L5_082_1096G1	NFCORE_METASSEMBLY:METASSEMBLY:BINNER:METABAT2 (L5_082_1096G1)	BINNER	METABAT2	11.3	0.188333333333333	784	147.653333333333	0.3630859375	105622	85408592	12.66	83810816	12.51	98.13	46.5	1597588	188	Lou_HG	3.01333333333333
40	L5_098_907G1	NFCORE_METASSEMBLY:METASSEMBLY:BINNER:METABAT2 (L5_098_907G1)	BINNER	METABAT2	7.1	0.118333333333333	826.5	97.8025	0.322265625	105581	77714732	11.52	76277682	11.38	98.15	49.34	1436870	180	Lou_HG	1.89333333333333
41	L5_101_000M1	NFCORE_METASSEMBLY:METASSEMBLY:BINNER:METABAT2 (L5_101_000M1)	BINNER	METABAT2	5.91666666666667	0.0986111111111111	826.8	81.5316666666667	0.34296875	105589	94522050	14.04	93118638	13.91	98.52	45.56	1403262	150	Lou_HG	1.57777777777778
42	L5_102_000M1	NFCORE_METASSEMBLY:METASSEMBLY:BINNER:METABAT2 (L5_102_000M1)	BINNER	METABAT2	7.41666666666667	0.123611111111111	1196.3	147.875972222222	0.396875	105577	84792930	12.55	83480160	12.43	98.45	45.98	1312446	324	Lou_HG	1.97777777777778
43	L5_121_000M1	NFCORE_METASSEMBLY:METASSEMBLY:BINNER:METABAT2 (L5_121_000M1)	BINNER	METABAT2	5.8	0.0966666666666667	840.6	81.258	0.30673828125	105571	79383838	11.68	78022702	11.56	98.29	48.26	1360140	996	Lou_HG	1.54666666666667
44	L5_144_000M1	NFCORE_METASSEMBLY:METASSEMBLY:BINNER:METABAT2 (L5_144_000M1)	BINNER	METABAT2	13.6	0.226666666666667	784.6	177.842666666667	0.33046875	105575	69096426	10.21	67815912	10.09	98.15	46.59	1280342	172	Lou_HG	3.62666666666667
45	L5_144_1092G1	NFCORE_METASSEMBLY:METASSEMBLY:BINNER:METABAT2 (L5_144_1092G1)	BINNER	METABAT2	10.95	0.1825	828.8	151.256	0.32109375	105633	67195394	9.95	65785566	9.81	97.9	49.67	1409602	226	Lou_HG	2.92
46	L5_144_915G1	NFCORE_METASSEMBLY:METASSEMBLY:BINNER:METABAT2 (L5_144_915G1)	BINNER	METABAT2	8.38333333333333	0.139722222222222	840.6	117.4505	0.3412109375	105668	84562104	12.52	82778186	12.35	97.89	48.84	1783164	754	Lou_HG	2.23555555555556
47	L5_145_912G1	NFCORE_METASSEMBLY:METASSEMBLY:BINNER:METABAT2 (L5_145_912G1)	BINNER	METABAT2	5.58333333333333	0.0930555555555555	749.9	69.7823611111111	0.27509765625	105563	80899664	11.97	79304196	11.82	98.03	46.29	1595032	436	Lou_HG	1.48888888888889
48	L5_162_1090G1	NFCORE_METASSEMBLY:METASSEMBLY:BINNER:METABAT2 (L5_162_1090G1)	BINNER	METABAT2	6.56666666666667	0.109444444444444	781.3	85.5089444444444	0.3115234375	105548	69721966	10.31	68112122	10.16	97.69	45.85	1606146	3698	Lou_HG	1.75111111111111
49	L5_169_000M1	NFCORE_METASSEMBLY:METASSEMBLY:BINNER:METABAT2 (L5_169_000M1)	BINNER	METABAT2	8.96666666666667	0.149444444444444	738.1	110.304944444444	0.28173828125	105541	94068276	13.95	92549736	13.81	98.39	46.4	1518288	252	Lou_HG	2.39111111111111
50	L5_169_914G1	NFCORE_METASSEMBLY:METASSEMBLY:BINNER:METABAT2 (L5_169_914G1)	BINNER	METABAT2	5.05	0.0841666666666667	810.7	68.2339166666667	0.2798828125	105614	99088722	14.69	97352422	14.53	98.25	49.14	1736030	270	Lou_HG	1.34666666666667
51	L5_187_1052G1	NFCORE_METASSEMBLY:METASSEMBLY:BINNER:METABAT2 (L5_187_1052G1)	BINNER	METABAT2	6.18333333333333	0.103055555555556	777.5	80.1256944444444	0.284375	105598	103500774	15.34	101748736	15.17	98.31	48.49	1749806	2232	Lou_HG	1.64888888888889
52	SRR5788019	NFCORE_METASSEMBLY:METASSEMBLY:BINNER:METABAT2 (SRR5788019)	BINNER	METABAT2	0.15	0.0025	806.6	2.0165	0.0400390625	104489	82852262	12.43	69655782	9.5	84.07	43.14	12972592	223888	Ocean	0.04
53	SRR5788051	NFCORE_METASSEMBLY:METASSEMBLY:BINNER:METABAT2 (SRR5788051)	BINNER	METABAT2	1.7	0.0283333333333333	835.3	23.6668333333333	0.0896484375	104582	114506672	17.18	94584744	12.76	82.6	40.09	19789104	132824	Ocean	0.453333333333333
54	SRR5788054	NFCORE_METASSEMBLY:METASSEMBLY:BINNER:METABAT2 (SRR5788054)	BINNER	METABAT2	0.0833333333333333	0.00138888888888889	752.2	1.04472222222222	0.02568359375	104400	49114276	7.37	41606134	5.67	84.71	42.19	7373690	134452	Ocean	0.0222222222222222
55	SRR5788072	NFCORE_METASSEMBLY:METASSEMBLY:BINNER:METABAT2 (SRR5788072)	BINNER	METABAT2	0.0333333333333333	0.000555555555555556	817.1	0.453944444444444	0.04580078125	104377	22199210	3.33	21744464	3.21	97.95	37.66	435944	18802	Ocean	0.00888888888888889
56	SRR5788098	NFCORE_METASSEMBLY:METASSEMBLY:BINNER:METABAT2 (SRR5788098)	BINNER	METABAT2	0.05	0.000833333333333333	754.3	0.628583333333333	0.04296875	104560	77140360	11.57	67406966	9.37	87.38	43.38	9654650	78744	Ocean	0.0133333333333333
57	SRR5788110	NFCORE_METASSEMBLY:METASSEMBLY:BINNER:METABAT2 (SRR5788110)	BINNER	METABAT2	0.0833333333333333	0.00138888888888889	756.4	1.05055555555556	0.0373046875	104438	68580390	10.29	59258434	8.23	86.41	45.22	9242636	79320	Ocean	0.0222222222222222
58	SRR5788132	NFCORE_METASSEMBLY:METASSEMBLY:BINNER:METABAT2 (SRR5788132)	BINNER	METABAT2	1.5	0.025	852	21.3	0.09140625	104577	89515368	13.43	77386672	10.8	86.45	39.56	12005772	122924	Ocean	0.4
59	SRR5788157	NFCORE_METASSEMBLY:METASSEMBLY:BINNER:METABAT2 (SRR5788157)	BINNER	METABAT2	0.133333333333333	0.00222222222222222	804.3	1.78733333333333	0.07119140625	104490	59666872	8.95	53904898	7.6	90.34	43.08	5709880	52094	Ocean	0.0355555555555556
60	SRR5788160	NFCORE_METASSEMBLY:METASSEMBLY:BINNER:METABAT2 (SRR5788160)	BINNER	METABAT2	0.516666666666667	0.00861111111111111	841.3	7.24452777777778	0.0455078125	104565	100142828	15.02	87933526	12.33	87.81	40.57	12097036	112266	Ocean	0.137777777777778
61	SRR5788169	NFCORE_METASSEMBLY:METASSEMBLY:BINNER:METABAT2 (SRR5788169)	BINNER	METABAT2	0.116666666666667	0.00194444444444444	788.2	1.53261111111111	0.05673828125	104420	44251880	6.64	38917672	5.41	87.95	44.65	5319868	14340	Ocean	0.0311111111111111
62	SRR5788170	NFCORE_METASSEMBLY:METASSEMBLY:BINNER:METABAT2 (SRR5788170)	BINNER	METABAT2	0.116666666666667	0.00194444444444444	826	1.60611111111111	0.043359375	104408	42781050	6.42	38469224	5.42	89.92	43.84	4270380	41446	Ocean	0.0311111111111111
63	SRR5788178	NFCORE_METASSEMBLY:METASSEMBLY:BINNER:METABAT2 (SRR5788178)	BINNER	METABAT2	0.0666666666666667	0.00111111111111111	717.7	0.797444444444445	0.01826171875	104381	41345872	6.2	36317602	5.06	87.84	44.77	4989486	38784	Ocean	0.0177777777777778
64	SRR5788201	NFCORE_METASSEMBLY:METASSEMBLY:BINNER:METABAT2 (SRR5788201)	BINNER	METABAT2	1.8	0.03	798.7	23.961	0.08603515625	104393	40123938	6.02	36552980	5.13	91.1	44.8	3538578	32380	Ocean	0.48
65	SRR5788251	NFCORE_METASSEMBLY:METASSEMBLY:BINNER:METABAT2 (SRR5788251)	BINNER	METABAT2	0.15	0.0025	758.3	1.89575	0.02900390625	104390	44042824	6.61	37515452	5.18	85.18	46.29	6495312	32060	Ocean	0.04
66	SRR5788255	NFCORE_METASSEMBLY:METASSEMBLY:BINNER:METABAT2 (SRR5788255)	BINNER	METABAT2	0.15	0.0025	787.4	1.9685	0.03359375	104452	55860230	8.38	49486482	6.9	88.59	42.22	6335388	38360	Ocean	0.04
67	SRR5788265	NFCORE_METASSEMBLY:METASSEMBLY:BINNER:METABAT2 (SRR5788265)	BINNER	METABAT2	2.91666666666667	0.0486111111111111	852.1	41.4215277777778	0.13759765625	104670	133170602	19.98	125490050	18.35	94.23	37.95	7487362	193190	Ocean	0.777777777777778
68	SRR5788272	NFCORE_METASSEMBLY:METASSEMBLY:BINNER:METABAT2 (SRR5788272)	BINNER	METABAT2	0.0833333333333333	0.00138888888888889	805.6	1.11888888888889	0.03779296875	104369	27545466	4.13	23862114	3.28	86.63	46.39	3655958	27394	Ocean	0.0222222222222222
69	SRR5788292	NFCORE_METASSEMBLY:METASSEMBLY:BINNER:METABAT2 (SRR5788292)	BINNER	METABAT2	1.11666666666667	0.0186111111111111	732.4	13.6307777777778	0.058984375	104478	61724160	9.26	53756732	7.49	87.09	42.7	7883514	83914	Ocean	0.297777777777778
70	SRR5788307	NFCORE_METASSEMBLY:METASSEMBLY:BINNER:METABAT2 (SRR5788307)	BINNER	METABAT2	6.18333333333333	0.103055555555556	833.6	85.9071111111111	0.20712890625	104592	126339976	18.95	111739564	15.59	88.44	44.35	14477136	123276	Ocean	1.64888888888889
71	SRR5788381	NFCORE_METASSEMBLY:METASSEMBLY:BINNER:METABAT2 (SRR5788381)	BINNER	METABAT2	1.35	0.0225	795.9	17.90775	0.076953125	104432	54174926	8.13	47866868	6.7	88.36	45.8	6259680	48378	Ocean	0.36
72	SRR5788386	NFCORE_METASSEMBLY:METASSEMBLY:BINNER:METABAT2 (SRR5788386)	BINNER	METABAT2	0.15	0.0025	768.5	1.92125	0.02802734375	104413	48961804	7.34	42783094	5.95	87.38	42.32	6085750	92960	Ocean	0.04
73	SRR5788404	NFCORE_METASSEMBLY:METASSEMBLY:BINNER:METABAT2 (SRR5788404)	BINNER	METABAT2	0.15	0.0025	801.3	2.00325	0.0583984375	104411	43774700	6.57	38895334	5.43	88.85	40.9	4847414	31952	Ocean	0.04
74	SRR5788412	NFCORE_METASSEMBLY:METASSEMBLY:BINNER:METABAT2 (SRR5788412)	BINNER	METABAT2	0.15	0.0025	822	2.055	0.06572265625	104572	98810764	14.82	82976370	11.32	83.98	45.26	15744720	89674	Ocean	0.04
75	SRR5788437	NFCORE_METASSEMBLY:METASSEMBLY:BINNER:METABAT2 (SRR5788437)	BINNER	METABAT2	0.133333333333333	0.00222222222222222	688.6	1.53022222222222	0.02001953125	104349	16977872	2.55	14926992	2.07	87.92	43.38	2038846	12034	Ocean	0.0355555555555556
76	SRR5935751	NFCORE_METASSEMBLY:METASSEMBLY:BINNER:METABAT2 (SRR5935751)	BINNER	METABAT2	0.133333333333333	0.00222222222222222	784.7	1.74377777777778	0.04375	103031	37290890	3.45	30535114	3	81.88	43.45	6755320	456	iHMP	0.0355555555555556
77	SRR5935942	NFCORE_METASSEMBLY:METASSEMBLY:BINNER:METABAT2 (SRR5935942)	BINNER	METABAT2	0.0666666666666667	0.00111111111111111	829.3	0.921444444444444	0.075	103022	26832010	2.45	21535628	2.11	80.26	44.92	5279024	17358	iHMP	0.0177777777777778
78	SRR5936006	NFCORE_METASSEMBLY:METASSEMBLY:BINNER:METABAT2 (SRR5936006)	BINNER	METABAT2	0.0666666666666667	0.00111111111111111	805.4	0.894888888888889	0.06083984375	103034	37997162	3.52	31158518	3.07	82	44.55	6838534	110	iHMP	0.0177777777777778
79	SRR5936131	NFCORE_METASSEMBLY:METASSEMBLY:BINNER:METABAT2 (SRR5936131)	BINNER	METABAT2	0.0833333333333333	0.00138888888888889	799.3	1.11013888888889	0.0591796875	103057	54566512	5.11	45868838	4.53	84.06	44.87	8695962	1712	iHMP	0.0222222222222222
80	SRR5936196	NFCORE_METASSEMBLY:METASSEMBLY:BINNER:METABAT2 (SRR5936196)	BINNER	METABAT2	0.0666666666666667	0.00111111111111111	711.1	0.790111111111111	0.05048828125	103008	34556040	3.17	27940728	2.74	80.86	44.65	6596370	18942	iHMP	0.0177777777777778
81	SRR5936221	NFCORE_METASSEMBLY:METASSEMBLY:BINNER:METABAT2 (SRR5936221)	BINNER	METABAT2	0.15	0.0025	843.7	2.10925	0.06533203125	103060	54297010	5.08	45584048	4.5	83.95	44.73	8712794	168	iHMP	0.04
82	SRR5936235	NFCORE_METASSEMBLY:METASSEMBLY:BINNER:METABAT2 (SRR5936235)	BINNER	METABAT2	0.0833333333333333	0.00138888888888889	742.7	1.03152777777778	0.05068359375	103016	28847916	2.68	24086782	2.37	83.5	43.8	4753550	7584	iHMP	0.0222222222222222
83	SRR5946620	NFCORE_METASSEMBLY:METASSEMBLY:BINNER:METABAT2 (SRR5946620)	BINNER	METABAT2	0.05	0.000833333333333333	785.5	0.654583333333333	0.04267578125	102993	30948940	2.87	25323612	2.49	81.82	43.99	5616468	8860	iHMP	0.0133333333333333
84	SRR5946645	NFCORE_METASSEMBLY:METASSEMBLY:BINNER:METABAT2 (SRR5946645)	BINNER	METABAT2	0.0166666666666667	0.000277777777777778	828.8	0.230222222222222	0.05185546875	102976	15824114	1.5	13843678	1.37	87.48	48.8	1980406	30	iHMP	0.00444444444444444
85	SRR5946691	NFCORE_METASSEMBLY:METASSEMBLY:BINNER:METABAT2 (SRR5946691)	BINNER	METABAT2	0.15	0.0025	822.2	2.0555	0.069140625	103047	46610392	4.38	39511286	3.9	84.77	44.22	7096868	2238	iHMP	0.04
86	SRR5946707	NFCORE_METASSEMBLY:METASSEMBLY:BINNER:METABAT2 (SRR5946707)	BINNER	METABAT2	0.0166666666666667	0.000277777777777778	802.7	0.222972222222222	0.05771484375	103020	22275938	2.02	17244584	1.68	77.41	45.18	5031266	88	iHMP	0.00444444444444444
87	SRR5946794	NFCORE_METASSEMBLY:METASSEMBLY:BINNER:METABAT2 (SRR5946794)	BINNER	METABAT2	0.383333333333333	0.00638888888888889	675	4.3125	0.04951171875	102962	15840582	1.44	12255690	1.2	77.37	46.64	3584842	50	iHMP	0.102222222222222
88	SRR5946842	NFCORE_METASSEMBLY:METASSEMBLY:BINNER:METABAT2 (SRR5946842)	BINNER	METABAT2	0.0333333333333333	0.000555555555555556	823.8	0.457666666666667	0.0650390625	103039	28440678	2.71	25109560	2.48	88.29	44.63	3330788	330	iHMP	0.00888888888888889
89	SRR5946919	NFCORE_METASSEMBLY:METASSEMBLY:BINNER:METABAT2 (SRR5946919)	BINNER	METABAT2	0.383333333333333	0.00638888888888889	800.9	5.11686111111111	0.0671875	103040	40194948	3.62	30765376	3	76.54	47.88	9429070	502	iHMP	0.102222222222222
90	SRR5947041	NFCORE_METASSEMBLY:METASSEMBLY:BINNER:METABAT2 (SRR5947041)	BINNER	METABAT2	0.133333333333333	0.00222222222222222	791.6	1.75911111111111	0.05166015625	102990	19231118	1.77	14944380	1.47	77.71	45.82	4286596	142	iHMP	0.0355555555555556
91	SRR5947065	NFCORE_METASSEMBLY:METASSEMBLY:BINNER:METABAT2 (SRR5947065)	BINNER	METABAT2	0.1	0.00166666666666667	826	1.37666666666667	0.065234375	103067	51824854	4.86	43779096	4.32	84.48	45.98	8045412	346	iHMP	0.0266666666666667
92	SRR5950535	NFCORE_METASSEMBLY:METASSEMBLY:BINNER:METABAT2 (SRR5950535)	BINNER	METABAT2	0.15	0.0025	784.5	1.96125	0.04755859375	103030	22263928	2	17010356	1.66	76.4	43.77	5253502	70	iHMP	0.04
93	SRR5950618	NFCORE_METASSEMBLY:METASSEMBLY:BINNER:METABAT2 (SRR5950618)	BINNER	METABAT2	0.1	0.00166666666666667	814.7	1.35783333333333	0.075390625	103064	42920824	4	35837476	3.53	83.5	45.58	7083168	180	iHMP	0.0266666666666667
94	SRR5950662	NFCORE_METASSEMBLY:METASSEMBLY:BINNER:METABAT2 (SRR5950662)	BINNER	METABAT2	0.116666666666667	0.00194444444444444	817.4	1.58938888888889	0.0708984375	103043	40815652	3.79	33703372	3.32	82.57	44.85	7112220	60	iHMP	0.0311111111111111
95	SRR5950780	NFCORE_METASSEMBLY:METASSEMBLY:BINNER:METABAT2 (SRR5950780)	BINNER	METABAT2	0.0333333333333333	0.000555555555555556	821.4	0.456333333333333	0.0623046875	103050	44366978	4.14	36967628	3.64	83.32	43.87	7398832	518	iHMP	0.00888888888888889
